--- 0.1 0.05 0.01 0.001 0.1_diff 0.05_diff 0.01_diff 0.001_diff
SIM_0 879 419 99 16 7 0 42 32
SIM_1 797 403 70 2 36 14 58 114
SIM_2 985 488 104 18 2 -2 -27 -74
SIM_3 823 420 67 9 39 7 41 88
SIM_4 1098 580 137 15 -31 1 -119 -187
SIM_5 790 338 65 6 41 10 123 121
SIM_6 783 384 59 6 47 10 77 128
SIM_7 980 496 104 11 2 5 -35 -69
SIM_8 867 422 89 16 17 0 39 44
SIM_9 893 470 102 9 4 7 -9 18
SIM_10 836 403 70 8 36 8 58 75
SIM_11 845 420 89 11 17 5 41 66
SIM_12 705 324 45 7 61 9 137 206
SIM_13 815 377 76 7 30 9 84 96
SIM_14 877 436 83 9 23 7 25 34
SIM_15 841 412 74 5 32 11 49 70
SIM_16 918 444 77 8 29 8 17 -7
SIM_17 882 454 95 9 11 7 7 29
SIM_18 846 432 107 13 -1 3 29 65
SIM_19 869 429 74 4 32 12 32 42
SIM_20 816 402 70 10 36 6 59 95
SIM_21 860 442 95 10 11 6 19 51
SIM_22 923 450 81 12 25 4 11 -12
SIM_23 781 354 69 10 37 6 107 130
SIM_24 892 435 99 12 7 4 26 19
SIM_25 837 420 101 12 5 4 41 74
SIM_26 934 464 104 9 2 7 -3 -23
SIM_27 960 495 109 10 -3 6 -34 -49
SIM_28 1004 534 120 16 -14 0 -73 -93
SIM_29 830 404 83 8 23 8 57 81
SIM_30 830 402 85 9 21 7 59 81
SIM_31 881 422 77 7 29 9 39 30
SIM_32 909 476 99 16 7 0 -15 2
SIM_33 798 420 84 7 22 9 41 113
SIM_34 851 409 83 4 23 12 52 60
SIM_35 786 394 64 9 42 7 67 125
SIM_36 982 511 107 10 -1 6 -50 -71
SIM_37 901 463 81 12 25 4 -2 10
SIM_38 811 387 73 4 33 12 74 100
SIM_39 848 411 63 9 43 7 50 63
SIM_40 788 389 69 6 37 10 72 123
SIM_41 835 413 80 8 26 8 48 76
SIM_42 872 422 94 8 12 8 39 39
SIM_43 821 392 86 5 20 11 69 90
SIM_44 888 465 90 3 16 13 -4 23
SIM_45 794 388 85 9 21 7 73 117
SIM_46 937 463 102 11 4 5 -2 -26
SIM_47 869 410 76 5 30 11 51 42
SIM_48 959 509 120 12 -14 4 -48 -48
SIM_49 789 378 54 4 52 12 83 122
SIM_50 773 394 76 13 30 3 67 138
SIM_51 802 390 69 4 37 12 71 109
SIM_52 926 493 116 11 -10 5 -32 -15
SIM_53 844 441 92 5 14 11 20 67
SIM_54 786 377 58 5 48 11 84 125
SIM_55 802 391 74 3 32 13 70 109
SIM_56 766 348 66 6 40 10 113 145
SIM_57 748 361 67 8 39 8 100 163
SIM_58 956 478 89 9 17 7 -17 -45
SIM_59 798 379 64 9 42 7 82 113
SIM_60 916 462 88 10 18 6 -1 -5
SIM_61 875 426 74 5 32 11 35 36
SIM_62 914 434 90 4 16 12 27 -3
SIM_63 781 362 75 6 31 10 99 130
SIM_64 1002 513 114 12 -8 4 -52 -91
SIM_65 753 359 62 7 44 9 102 158
SIM_66 918 464 85 9 21 7 -3 -7
SIM_67 887 439 87 9 19 7 22 24
SIM_68 837 416 79 7 27 9 45 74
SIM_69 833 405 78 4 28 12 56 78
SIM_70 806 395 72 7 34 9 66 105
SIM_71 934 470 101 11 5 5 -9 -23
SIM_72 873 438 90 4 16 12 23 38
SIM_73 732 367 65 5 41 11 94 179
SIM_74 985 541 126 9 -20 7 -80 -74
SIM_75 801 383 60 5 46 11 78 110
SIM_76 757 369 62 6 44 10 92 154
SIM_77 809 396 70 8 36 8 65 102
SIM_78 877 439 95 9 11 7 22 34
SIM_79 1001 501 116 15 -10 1 -40 -90
SIM_80 872 438 85 8 21 8 23 39
SIM_81 856 421 82 9 24 7 40 55
SIM_82 959 511 111 8 -5 8 -50 -48
SIM_83 964 496 97 12 9 4 -35 -53
SIM_84 898 421 76 4 30 12 40 13
SIM_85 739 367 56 2 50 14 94 172
SIM_86 784 374 58 4 48 12 87 127
SIM_87 887 455 96 16 10 0 6 24
SIM_88 869 418 66 5 40 11 43 42
SIM_89 770 390 70 7 36 9 71 141
SIM_90 787 365 80 6 26 10 96 124
SIM_91 1065 563 125 18 -19 -2 -102 -154
SIM_92 888 455 89 10 17 6 6 23
SIM_93 931 431 97 7 9 9 30 -20
SIM_94 913 480 90 12 16 4 -19 -2
SIM_95 842 426 84 5 22 11 35 69
SIM_96 860 416 83 6 23 10 45 51
SIM_97 890 419 87 6 19 10 42 21
SIM_98 942 453 92 10 14 6 8 -31
SIM_99 841 416 76 9 30 7 45 70
SIM_100 990 485 112 7 -6 9 -24 -79
SIM_101 778 385 73 2 33 14 76 133
SIM_102 764 405 86 10 20 6 56 147
SIM_103 944 499 82 10 24 6 -38 -33
SIM_104 900 433 86 3 20 13 28 11
SIM_105 874 398 75 9 31 7 63 37
SIM_106 928 465 96 11 10 5 -4 -17
SIM_107 1010 520 118 12 -12 4 -59 -99
SIM_108 732 376 66 6 40 10 85 179
SIM_109 936 469 86 9 20 7 -8 -25
SIM_110 910 500 109 8 -3 8 -39 1
SIM_111 830 398 76 11 30 5 63 81
SIM_112 822 397 75 5 31 11 64 89
SIM_113 819 395 71 7 35 9 66 92
SIM_114 943 462 92 8 14 8 -1 -32
SIM_115 904 482 84 13 22 3 -21 7
SIM_116 901 450 96 9 10 7 11 10
SIM_117 864 440 90 7 16 9 21 47
SIM_118 840 389 63 4 43 12 72 71
SIM_119 937 482 96 15 10 1 -21 -26
SIM_120 876 457 78 9 28 7 4 35
SIM_121 1072 575 127 15 -21 1 -114 -161
SIM_122 738 356 53 4 53 12 105 173
SIM_123 1000 501 117 10 -11 6 -40 -89
SIM_124 828 397 68 8 38 8 64 83
SIM_125 1057 540 130 23 -24 -7 -79 -146
SIM_126 888 440 75 6 31 10 21 23
SIM_127 941 462 113 13 -7 3 -1 -30
SIM_128 823 390 83 9 23 7 71 88
SIM_129 991 517 118 21 -12 -5 -56 -80
SIM_130 790 388 73 10 33 6 73 121
SIM_131 1029 577 153 12 -47 4 -116 -118
SIM_132 898 416 64 7 42 9 45 13
SIM_133 821 402 63 5 43 11 59 90
SIM_134 955 457 89 9 17 7 4 -44
SIM_135 785 398 86 11 20 5 63 126
SIM_136 976 519 100 8 6 8 -58 -65
SIM_137 797 377 73 5 33 11 84 114
SIM_138 949 522 122 13 -16 3 -61 -38
SIM_139 776 374 76 10 30 6 87 135
SIM_140 1391 794 212 37 -106 -21 -333 -480
SIM_141 890 440 84 4 22 12 21 21
SIM_142 822 395 73 9 33 7 66 89
SIM_143 859 412 85 9 21 7 49 52
SIM_144 894 451 98 10 8 6 10 17
SIM_145 845 418 78 8 28 8 43 66
SIM_146 927 473 99 9 7 7 -12 -16
SIM_147 983 487 84 9 22 7 -26 -72
SIM_148 700 319 55 6 51 10 142 211
SIM_149 784 389 68 6 38 10 72 127
SIM_150 869 433 94 10 12 6 28 42
SIM_151 836 438 94 8 12 8 23 75
SIM_152 742 352 66 4 40 12 109 169
SIM_153 754 366 66 4 40 12 95 157
SIM_154 951 518 103 8 3 8 -57 -40
SIM_155 777 387 81 5 25 11 74 134
SIM_156 878 432 94 9 12 7 29 33
SIM_157 870 463 93 10 13 6 -2 41
SIM_158 826 425 76 7 30 9 36 85
SIM_159 900 435 81 7 25 9 26 11
SIM_160 954 501 102 13 4 3 -40 -43
SIM_161 824 409 78 6 28 10 52 87
SIM_162 789 408 80 13 26 3 53 122
SIM_163 886 430 92 1 14 15 31 25
SIM_164 884 436 87 14 19 2 25 27
SIM_165 827 406 80 9 26 7 55 84
SIM_166 851 430 75 3 31 13 31 60
SIM_167 896 470 94 13 12 3 -9 15
SIM_168 859 434 77 4 29 12 27 52
SIM_169 793 368 63 6 43 10 93 118
SIM_170 807 400 73 8 33 8 61 104
SIM_171 902 446 83 14 23 2 15 9
SIM_172 898 413 96 7 10 9 48 13
SIM_173 908 451 115 15 -9 1 10 3
SIM_174 751 363 62 3 44 13 98 160
SIM_175 821 383 68 7 38 9 78 90
SIM_176 928 490 93 11 13 5 -29 -17
SIM_177 804 401 86 7 20 9 60 107
SIM_178 785 381 76 9 30 7 80 126
SIM_179 852 407 81 6 25 10 54 59
SIM_180 838 391 89 7 17 9 70 73
SIM_181 1013 529 120 15 -14 1 -68 -102
SIM_182 840 411 79 9 27 7 50 71
SIM_183 819 391 85 6 21 10 70 92
SIM_184 814 369 68 8 38 8 92 97
SIM_185 902 454 111 7 -5 9 7 9
SIM_186 832 398 69 12 37 4 63 79
SIM_187 821 385 61 9 45 7 76 90
SIM_188 914 455 102 9 4 7 6 -3
SIM_189 907 455 82 9 24 7 6 4
SIM_190 823 406 69 4 37 12 55 88
SIM_191 860 441 80 10 26 6 20 51
SIM_192 848 425 75 4 31 12 36 63
SIM_193 816 404 73 7 33 9 57 95
SIM_194 790 371 55 4 51 12 90 121
SIM_195 959 481 101 10 5 6 -20 -48
SIM_196 874 444 78 5 28 11 17 37
SIM_197 883 454 100 14 6 2 7 28
SIM_198 906 435 89 6 17 10 26 5
SIM_199 811 396 75 15 31 1 65 100
SIM_200 887 426 84 6 22 10 35 24
SIM_201 830 388 71 10 35 6 73 81
SIM_202 988 510 100 11 6 5 -49 -77
SIM_203 731 327 67 5 39 11 134 180
SIM_204 808 376 78 10 28 6 85 103
SIM_205 733 345 75 8 31 8 116 178
SIM_206 797 405 76 9 30 7 56 114
SIM_207 894 451 83 11 23 5 10 17
SIM_208 913 481 107 9 -1 7 -20 -2
SIM_209 798 383 81 4 25 12 78 113
SIM_210 1015 545 115 7 -9 9 -84 -104
SIM_211 813 403 68 8 38 8 58 98
SIM_212 840 424 82 9 24 7 37 71
SIM_213 911 454 104 9 2 7 7 0
SIM_214 803 380 73 6 33 10 81 108
SIM_215 933 465 98 9 8 7 -4 -22
SIM_216 768 358 73 5 33 11 103 143
SIM_217 879 453 86 3 20 13 8 32
SIM_218 898 456 81 14 25 2 5 13
SIM_219 752 362 77 9 29 7 99 159
SIM_220 904 453 70 9 36 7 8 7
SIM_221 824 374 65 6 41 10 87 87
SIM_222 821 403 80 10 26 6 58 90
SIM_223 798 379 84 7 22 9 82 113
SIM_224 867 428 93 13 13 3 33 44
SIM_225 868 446 86 10 20 6 15 43
SIM_226 764 380 69 9 37 7 81 147
SIM_227 936 462 98 8 8 8 -1 -25
SIM_228 915 439 79 7 27 9 22 -4
SIM_229 931 468 93 6 13 10 -7 -20
SIM_230 1014 545 117 8 -11 8 -84 -103
SIM_231 757 351 82 10 24 6 110 154
SIM_232 973 517 106 7 0 9 -56 -62
SIM_233 825 375 67 5 39 11 86 86
SIM_234 810 399 74 5 32 11 62 101
SIM_235 870 428 75 5 31 11 33 41
SIM_236 832 424 72 9 34 7 37 79
SIM_237 852 425 77 5 29 11 36 59
SIM_238 855 402 88 9 18 7 59 56
SIM_239 954 478 97 8 9 8 -17 -43
SIM_240 827 434 89 11 17 5 27 84
SIM_241 967 480 87 10 19 6 -19 -56
SIM_242 814 397 85 12 21 4 64 97
SIM_243 808 384 68 7 38 9 77 103
SIM_244 962 503 104 11 2 5 -42 -51
SIM_245 892 437 90 7 16 9 24 19
SIM_246 952 464 93 5 13 11 -3 -41
SIM_247 1106 593 145 22 -39 -6 -132 -195
SIM_248 845 419 79 5 27 11 42 66
SIM_249 881 444 84 10 22 6 17 30
SIM_250 858 435 86 14 20 2 26 53
SIM_251 838 373 84 8 22 8 88 73
SIM_252 832 417 84 10 22 6 44 79
SIM_253 840 396 70 9 36 7 65 71
SIM_254 747 366 69 5 37 11 95 164
SIM_255 777 332 63 2 43 14 129 134
SIM_256 808 394 55 6 51 10 67 103
SIM_257 929 487 94 8 12 8 -26 -18
SIM_258 959 496 91 9 15 7 -35 -48
SIM_259 707 342 62 7 44 9 119 204
SIM_260 938 473 109 14 -3 2 -12 -27
SIM_261 874 453 81 8 25 8 8 37
SIM_262 876 437 93 6 13 10 24 35
SIM_263 850 448 96 7 10 9 13 61
SIM_264 822 424 95 7 11 9 37 89
SIM_265 937 454 103 11 3 5 7 -26
SIM_266 761 343 61 5 45 11 118 150
SIM_267 797 393 71 11 35 5 68 114
SIM_268 775 351 72 3 34 13 110 136
SIM_269 862 419 88 13 18 3 42 49
SIM_270 871 421 77 11 29 5 40 40
SIM_271 866 413 86 10 20 6 48 45
SIM_272 835 409 68 7 38 9 52 76
SIM_273 754 347 48 5 58 11 114 157
SIM_274 1151 608 140 17 -34 -1 -147 -240
SIM_275 951 502 102 6 4 10 -41 -40
SIM_276 922 468 89 6 17 10 -7 -11
SIM_277 862 439 94 13 12 3 22 49
SIM_278 828 394 88 8 18 8 67 83
SIM_279 803 393 85 10 21 6 68 108
SIM_280 884 442 92 9 14 7 19 27
SIM_281 766 398 74 9 32 7 63 145
SIM_282 1072 585 128 14 -22 2 -124 -161
SIM_283 773 355 64 5 42 11 106 138
SIM_284 856 406 80 5 26 11 55 55
SIM_285 723 351 45 5 61 11 110 188
SIM_286 1012 505 100 9 6 7 -44 -101
SIM_287 888 454 71 5 35 11 7 23
SIM_288 876 405 74 13 32 3 56 35
SIM_289 870 416 71 7 35 9 45 41
SIM_290 988 511 130 20 -24 -4 -50 -77
SIM_291 835 396 72 11 34 5 65 76
SIM_292 777 350 63 5 43 11 111 134
SIM_293 930 477 103 5 3 11 -16 -19
SIM_294 973 516 105 17 1 -1 -55 -62
SIM_295 850 417 78 5 28 11 44 61
SIM_296 887 437 87 3 19 13 24 24
SIM_297 1029 543 129 15 -23 1 -82 -118
SIM_298 837 411 72 4 34 12 50 74
SIM_299 919 449 91 10 15 6 12 -8
SIM_300 807 409 80 10 26 6 52 104
SIM_301 834 411 77 10 29 6 50 77
SIM_302 843 443 91 8 15 8 18 68
SIM_303 784 387 61 6 45 10 74 127
SIM_304 755 379 71 6 35 10 82 156
SIM_305 840 440 92 10 14 6 21 71
SIM_306 929 478 91 9 15 7 -17 -18
SIM_307 780 407 85 5 21 11 54 131
SIM_308 851 401 61 5 45 11 60 60
SIM_309 956 516 112 10 -6 6 -55 -45
SIM_310 850 424 70 7 36 9 37 61
SIM_311 1071 563 130 10 -24 6 -102 -160
SIM_312 868 405 87 12 19 4 56 43
SIM_313 851 414 104 14 2 2 47 60
SIM_314 869 431 86 10 20 6 30 42
SIM_315 995 488 104 11 2 5 -27 -84
SIM_316 855 446 83 7 23 9 15 56
SIM_317 833 416 76 12 30 4 45 78
SIM_318 774 392 78 6 28 10 69 137
SIM_319 886 450 99 10 7 6 11 25
SIM_320 835 404 73 5 33 11 57 76
SIM_321 916 488 99 7 7 9 -27 -5
SIM_322 740 366 73 5 33 11 95 171
SIM_323 966 481 103 10 3 6 -20 -55
SIM_324 916 455 102 14 4 2 6 -5
SIM_325 800 364 68 5 38 11 97 111
SIM_326 825 412 63 11 43 5 49 86
SIM_327 874 417 85 11 21 5 44 37
SIM_328 982 515 96 15 10 1 -54 -71
SIM_329 926 484 109 9 -3 7 -23 -15
SIM_330 791 368 61 3 45 13 93 120
SIM_331 883 424 93 8 13 8 37 28
SIM_332 888 452 112 18 -6 -2 9 23
SIM_333 847 409 80 5 26 11 52 64
SIM_334 884 464 97 7 9 9 -3 27
SIM_335 866 421 74 7 32 9 40 45
SIM_336 887 444 99 11 7 5 17 24
SIM_337 1056 552 121 15 -15 1 -91 -145
SIM_338 1001 492 102 9 4 7 -31 -90
SIM_339 816 395 82 5 24 11 66 95
SIM_340 1001 523 108 10 -2 6 -62 -90
SIM_341 966 472 78 12 28 4 -11 -55
SIM_342 816 388 71 5 35 11 73 95
SIM_343 1124 630 150 16 -44 0 -169 -213
SIM_344 849 437 86 7 20 9 24 62
SIM_345 756 364 63 2 43 14 97 155
SIM_346 803 386 73 4 33 12 75 108
SIM_347 869 434 91 11 15 5 27 42
SIM_348 907 467 87 16 19 0 -6 4
SIM_349 852 419 98 9 8 7 42 59
SIM_350 906 480 74 7 32 9 -19 5
SIM_351 759 369 56 3 50 13 92 152
SIM_352 916 499 110 16 -4 0 -38 -5
SIM_353 963 499 110 8 -4 8 -38 -52
SIM_354 748 351 67 5 39 11 110 163
SIM_355 785 383 77 6 29 10 78 126
SIM_356 1006 533 116 9 -10 7 -72 -95
SIM_357 911 498 127 21 -21 -5 -37 0
SIM_358 986 511 95 10 11 6 -50 -75
SIM_359 860 422 94 9 12 7 39 51
SIM_360 870 443 78 15 28 1 18 41
SIM_361 843 407 85 11 21 5 54 68
SIM_362 798 418 90 7 16 9 43 113
SIM_363 845 403 78 5 28 11 58 66
SIM_364 909 430 94 8 12 8 31 2
SIM_365 888 458 105 10 1 6 3 23
SIM_366 925 456 93 13 13 3 5 -14
SIM_367 957 482 96 7 10 9 -21 -46
SIM_368 821 383 69 10 37 6 78 90
SIM_369 960 485 98 12 8 4 -24 -49
SIM_370 850 417 83 7 23 9 44 61
SIM_371 881 429 88 7 18 9 32 30
SIM_372 808 386 75 8 31 8 75 103
SIM_373 909 462 93 10 13 6 -1 2
SIM_374 891 452 90 12 16 4 9 20
SIM_375 750 351 63 7 43 9 110 161
SIM_376 859 453 86 4 20 12 8 52
SIM_377 763 369 55 5 51 11 92 148
SIM_378 938 461 93 7 13 9 0 -27
SIM_379 790 378 77 5 29 11 83 121
SIM_380 916 448 82 6 24 10 13 -5
SIM_381 987 488 116 8 -10 8 -27 -76
SIM_382 901 479 97 14 9 2 -18 10
SIM_383 804 388 80 7 26 9 73 107
SIM_384 947 462 106 9 0 7 -1 -36
SIM_385 877 448 91 8 15 8 13 34
SIM_386 841 433 68 10 38 6 28 70
SIM_387 828 389 60 5 46 11 72 83
SIM_388 952 466 96 7 10 9 -5 -41
SIM_389 965 504 108 10 -2 6 -43 -54
SIM_390 729 356 67 8 39 8 105 182
SIM_391 761 352 58 8 48 8 109 150
SIM_392 851 415 76 7 30 9 46 60
SIM_393 945 492 108 17 -2 -1 -31 -34
SIM_394 857 426 75 6 31 10 35 54
SIM_395 1048 553 122 17 -16 -1 -92 -137
SIM_396 877 450 81 15 25 1 11 34
SIM_397 852 438 107 9 -1 7 23 59
SIM_398 847 435 86 7 20 9 26 64
SIM_399 783 350 53 4 53 12 111 128
SIM_400 866 444 94 10 12 6 17 45
SIM_401 799 383 72 5 34 11 78 112
SIM_402 945 471 100 8 6 8 -10 -34
SIM_403 965 489 110 9 -4 7 -28 -54
SIM_404 894 448 76 11 30 5 13 17
SIM_405 717 346 61 6 45 10 115 194
SIM_406 686 315 57 3 49 13 146 225
SIM_407 768 376 78 8 28 8 85 143
SIM_408 817 390 70 8 36 8 71 94
SIM_409 773 354 71 5 35 11 107 138
SIM_410 923 458 100 12 6 4 3 -12
SIM_411 883 430 82 6 24 10 31 28
SIM_412 934 498 118 10 -12 6 -37 -23
SIM_413 812 381 75 12 31 4 80 99
SIM_414 949 500 108 12 -2 4 -39 -38
SIM_415 883 432 84 10 22 6 29 28
SIM_416 882 442 85 13 21 3 19 29
SIM_417 1103 556 127 17 -21 -1 -95 -192
SIM_418 881 442 75 5 31 11 19 30
SIM_419 744 348 67 6 39 10 113 167
SIM_420 785 376 79 8 27 8 85 126
SIM_421 895 448 84 10 22 6 13 16
SIM_422 856 451 83 11 23 5 10 55
SIM_423 794 376 75 7 31 9 85 117
SIM_424 844 431 87 11 19 5 30 67
SIM_425 860 445 101 16 5 0 16 51
SIM_426 921 493 108 10 -2 6 -32 -10
SIM_427 899 446 99 9 7 7 15 12
SIM_428 834 427 60 10 46 6 34 77
SIM_429 915 488 96 6 10 10 -27 -4
SIM_430 855 427 89 11 17 5 34 56
SIM_431 1077 571 146 18 -40 -2 -110 -166
SIM_432 947 487 73 7 33 9 -26 -36
SIM_433 787 381 81 8 25 8 80 124
SIM_434 778 379 65 5 41 11 82 133
SIM_435 887 437 74 7 32 9 24 24
SIM_436 905 469 101 10 5 6 -8 6
SIM_437 923 453 103 12 3 4 8 -12
SIM_438 881 403 70 4 36 12 58 30
SIM_439 1066 552 114 14 -8 2 -91 -155
SIM_440 1103 595 140 15 -34 1 -134 -192
SIM_441 973 522 110 12 -4 4 -61 -62
SIM_442 832 403 78 9 28 7 58 79
SIM_443 842 412 62 6 44 10 49 69
SIM_444 922 438 93 6 13 10 23 -11
SIM_445 897 441 87 7 19 9 20 14
SIM_446 852 437 83 9 23 7 24 59
SIM_447 993 506 87 10 19 6 -45 -82
SIM_448 978 506 105 7 1 9 -45 -67
SIM_449 877 451 86 11 20 5 10 34
SIM_450 848 420 103 9 3 7 41 63
SIM_451 722 334 59 3 47 13 127 189
SIM_452 824 408 84 8 22 8 53 87
SIM_453 823 417 83 11 23 5 44 88
SIM_454 873 472 96 11 10 5 -11 38
SIM_455 756 381 66 7 40 9 80 155
SIM_456 926 419 86 7 20 9 42 -15
SIM_457 713 324 62 6 44 10 137 198
SIM_458 786 386 69 7 37 9 75 125
SIM_459 787 367 74 8 32 8 94 124
SIM_460 917 456 101 7 5 9 5 -6
SIM_461 894 455 90 10 16 6 6 17
SIM_462 868 425 89 7 17 9 36 43
SIM_463 1154 634 158 26 -52 -10 -173 -243
SIM_464 869 439 96 10 10 6 22 42
SIM_465 806 402 76 6 30 10 59 105
SIM_466 726 365 63 7 43 9 96 185
SIM_467 822 372 67 8 39 8 89 89
SIM_468 1068 530 121 14 -15 2 -69 -157
SIM_469 869 436 96 5 10 11 25 42
SIM_470 780 365 80 9 26 7 96 131
SIM_471 871 444 93 5 13 11 17 40
SIM_472 852 428 81 3 25 13 33 59
SIM_473 994 502 108 10 -2 6 -41 -83
SIM_474 813 386 66 4 40 12 75 98
SIM_475 1005 520 127 16 -21 0 -59 -94
SIM_476 779 390 72 3 34 13 71 132
SIM_477 909 455 99 11 7 5 6 2
SIM_478 803 361 66 7 40 9 100 108
SIM_479 945 496 111 10 -5 6 -35 -34
SIM_480 882 434 76 7 30 9 27 29
SIM_481 1026 532 138 14 -32 2 -71 -115
SIM_482 1037 556 130 21 -24 -5 -95 -126
SIM_483 935 477 104 8 2 8 -16 -24
SIM_484 884 462 88 5 18 11 -1 27
SIM_485 903 482 86 15 20 1 -21 8
SIM_486 867 431 65 5 41 11 30 44
SIM_487 873 437 108 7 -2 9 24 38
SIM_488 892 426 79 7 27 9 35 19
SIM_489 815 404 68 4 38 12 57 96
SIM_490 919 456 79 9 27 7 5 -8
SIM_491 709 329 60 5 46 11 132 202
SIM_492 868 428 79 7 27 9 33 43
SIM_493 1045 518 119 13 -13 3 -57 -134
SIM_494 819 398 73 3 33 13 63 92
SIM_495 852 430 89 6 17 10 31 59
SIM_496 949 510 108 20 -2 -4 -49 -38
SIM_497 816 408 72 3 34 13 53 95
SIM_498 914 477 98 11 8 5 -16 -3
SIM_499 807 382 70 8 36 8 79 104
SIM_500 881 457 92 8 14 8 4 30
SIM_501 891 485 103 10 3 6 -24 20
SIM_502 867 435 89 8 17 8 26 44
SIM_503 1085 580 145 16 -39 0 -119 -174
SIM_504 959 494 106 12 0 4 -33 -48
SIM_505 1023 538 89 10 17 6 -77 -112
SIM_506 888 461 109 10 -3 6 0 23
SIM_507 941 471 92 11 14 5 -10 -30
SIM_508 1000 499 119 12 -13 4 -38 -89
SIM_509 923 468 121 14 -15 2 -7 -12
SIM_510 874 433 93 17 13 -1 28 37
SIM_511 1062 574 139 13 -33 3 -113 -151
SIM_512 908 460 91 10 15 6 1 3
SIM_513 880 426 82 6 24 10 35 31
SIM_514 834 412 76 7 30 9 49 77
SIM_515 751 379 66 4 40 12 82 160
SIM_516 875 428 78 7 28 9 33 36
SIM_517 823 412 98 13 8 3 49 88
SIM_518 864 438 101 7 5 9 23 47
SIM_519 868 428 89 11 17 5 33 43
SIM_520 941 493 89 7 17 9 -32 -30
SIM_521 983 516 102 12 4 4 -55 -72
SIM_522 995 536 110 11 -4 5 -75 -84
SIM_523 886 436 79 7 27 9 25 25
SIM_524 1089 564 125 10 -19 6 -103 -178
SIM_525 1071 568 126 12 -20 4 -107 -160
SIM_526 974 472 113 10 -7 6 -11 -63
SIM_527 801 377 79 9 27 7 84 110
SIM_528 836 419 66 6 40 10 42 75
SIM_529 882 457 93 9 13 7 4 29
SIM_530 892 453 101 15 5 1 8 19
SIM_531 897 460 96 12 10 4 1 14
SIM_532 930 464 92 8 14 8 -3 -19
SIM_533 852 441 90 6 16 10 20 59
SIM_534 970 500 101 12 5 4 -39 -59
SIM_535 949 481 110 10 -4 6 -20 -38
SIM_536 845 427 91 6 15 10 34 66
SIM_537 922 467 98 4 8 12 -6 -11
SIM_538 818 400 77 5 29 11 61 93
SIM_539 864 401 86 13 20 3 60 47
SIM_540 798 423 83 5 23 11 38 113
SIM_541 749 363 75 10 31 6 98 162
SIM_542 804 401 81 10 25 6 60 107
SIM_543 939 474 82 10 24 6 -13 -28
SIM_544 1018 550 122 19 -16 -3 -89 -107
SIM_545 900 429 100 10 6 6 32 11
SIM_546 816 376 75 12 31 4 85 95
SIM_547 738 359 62 7 44 9 102 173
SIM_548 1022 564 132 19 -26 -3 -103 -111
SIM_549 791 398 77 9 29 7 63 120
SIM_550 835 425 81 7 25 9 36 76
SIM_551 1150 609 137 18 -31 -2 -148 -239
SIM_552 861 462 85 6 21 10 -1 50
SIM_553 766 360 63 7 43 9 101 145
SIM_554 883 454 84 7 22 9 7 28
SIM_555 1017 542 140 19 -34 -3 -81 -106
SIM_556 889 403 83 4 23 12 58 22
SIM_557 815 415 81 6 25 10 46 96
SIM_558 909 481 110 13 -4 3 -20 2
SIM_559 1022 518 107 8 -1 8 -57 -111
SIM_560 822 396 73 6 33 10 65 89
SIM_561 879 445 94 12 12 4 16 32
SIM_562 857 467 92 5 14 11 -6 54
SIM_563 891 442 100 13 6 3 19 20
SIM_564 783 364 57 2 49 14 97 128
SIM_565 964 488 101 10 5 6 -27 -53
SIM_566 868 428 72 6 34 10 33 43
SIM_567 837 414 81 4 25 12 47 74
SIM_568 781 387 86 6 20 10 74 130
SIM_569 864 417 107 5 -1 11 44 47
SIM_570 945 477 90 10 16 6 -16 -34
SIM_571 905 479 96 12 10 4 -18 6
SIM_572 763 368 59 6 47 10 93 148
SIM_573 778 390 84 8 22 8 71 133
SIM_574 897 471 96 5 10 11 -10 14
SIM_575 882 458 99 10 7 6 3 29
SIM_576 923 472 106 11 0 5 -11 -12
SIM_577 875 448 87 8 19 8 13 36
SIM_578 1043 524 115 7 -9 9 -63 -132
SIM_579 766 367 67 10 39 6 94 145
SIM_580 1157 626 142 18 -36 -2 -165 -246
SIM_581 962 510 123 17 -17 -1 -49 -51
SIM_582 1060 543 114 15 -8 1 -82 -149
SIM_583 869 418 81 4 25 12 43 42
SIM_584 991 490 96 13 10 3 -29 -80
SIM_585 973 498 107 8 -1 8 -37 -62
SIM_586 809 386 82 12 24 4 75 102
SIM_587 958 486 109 12 -3 4 -25 -47
SIM_588 957 477 95 9 11 7 -16 -46
SIM_589 848 419 86 9 20 7 42 63
SIM_590 871 426 78 8 28 8 35 40
SIM_591 797 371 75 7 31 9 90 114
SIM_592 789 386 72 8 34 8 75 122
SIM_593 918 446 94 7 12 9 15 -7
SIM_594 906 446 102 8 4 8 15 5
SIM_595 854 406 96 5 10 11 55 57
SIM_596 911 434 96 9 10 7 27 0
SIM_597 865 435 112 6 -6 10 26 46
SIM_598 878 453 106 7 0 9 8 33
SIM_599 892 448 101 8 5 8 13 19
SIM_600 849 422 72 5 34 11 39 62
SIM_601 864 441 84 13 22 3 20 47
SIM_602 780 389 72 8 34 8 72 131
SIM_603 749 381 77 3 29 13 80 162
SIM_604 838 406 79 7 27 9 55 73
SIM_605 774 370 72 4 34 12 91 137
SIM_606 1040 551 117 8 -11 8 -90 -129
SIM_607 822 399 74 9 32 7 62 89
SIM_608 916 455 83 15 23 1 6 -5
SIM_609 892 475 98 10 8 6 -14 19
SIM_610 841 415 78 3 28 13 46 70
SIM_611 753 372 60 5 46 11 89 158
SIM_612 871 433 86 7 20 9 28 40
SIM_613 910 464 106 10 0 6 -3 1
SIM_614 931 438 79 6 27 10 23 -20
SIM_615 820 395 76 13 30 3 66 91
SIM_616 1001 509 101 12 5 4 -48 -90
SIM_617 844 449 81 10 25 6 12 67
SIM_618 812 399 75 11 31 5 62 99
SIM_619 877 418 82 12 24 4 43 34
SIM_620 1143 609 158 17 -52 -1 -148 -232
SIM_621 815 409 79 5 27 11 52 96
SIM_622 841 407 92 9 14 7 54 70
SIM_623 867 410 62 5 44 11 51 44
SIM_624 1083 589 140 24 -34 -8 -128 -172
SIM_625 1148 646 156 31 -50 -15 -185 -237
SIM_626 850 442 84 4 22 12 19 61
SIM_627 906 438 99 13 7 3 23 5
SIM_628 831 437 92 8 14 8 24 80
SIM_629 832 422 79 5 27 11 39 79
SIM_630 954 464 104 12 2 4 -3 -43
SIM_631 854 415 84 12 22 4 46 57
SIM_632 1044 553 132 12 -26 4 -92 -133
SIM_633 720 320 62 3 44 13 141 191
SIM_634 737 354 74 4 32 12 107 174
SIM_635 865 433 81 6 25 10 28 46
SIM_636 934 467 95 9 11 7 -6 -23
SIM_637 881 434 80 6 26 10 27 30
SIM_638 771 373 56 3 50 13 88 140
SIM_639 1081 566 141 17 -35 -1 -105 -170
SIM_640 786 393 88 10 18 6 68 125
SIM_641 850 416 85 8 21 8 45 61
SIM_642 818 409 58 3 48 13 52 93
SIM_643 910 452 79 11 27 5 9 1
SIM_644 818 412 75 8 31 8 49 93
SIM_645 895 449 84 9 22 7 12 16
SIM_646 853 423 71 6 35 10 38 58
SIM_647 976 502 99 11 7 5 -41 -65
SIM_648 773 397 81 6 25 10 64 138
SIM_649 926 469 103 16 3 0 -8 -15
SIM_650 837 418 89 11 17 5 43 74
SIM_651 864 463 98 9 8 7 -2 47
SIM_652 885 451 87 8 19 8 10 26
SIM_653 893 466 86 7 20 9 -5 18
SIM_654 817 392 86 9 20 7 69 94
SIM_655 858 414 92 8 14 8 47 53
SIM_656 796 384 69 8 37 8 77 115
SIM_657 853 429 85 9 21 7 32 58
SIM_658 919 467 96 10 10 6 -6 -8
SIM_659 829 411 83 2 23 14 50 82
SIM_660 855 413 78 5 28 11 48 56
SIM_661 768 364 62 9 44 7 97 143
SIM_662 845 428 82 8 24 8 33 66
SIM_663 954 491 96 8 10 8 -30 -43
SIM_664 876 429 92 3 14 13 32 35
SIM_665 896 440 88 9 18 7 21 15
SIM_666 862 424 101 9 5 7 37 49
SIM_667 855 418 82 8 24 8 43 56
SIM_668 813 405 81 9 25 7 56 98
SIM_669 821 430 93 8 13 8 31 90
SIM_670 885 458 87 9 19 7 3 26
SIM_671 1005 525 107 13 -1 3 -64 -94
SIM_672 788 396 84 4 22 12 65 123
SIM_673 862 449 87 11 19 5 12 49
SIM_674 915 466 107 17 -1 -1 -5 -4
SIM_675 884 471 82 9 24 7 -10 27
SIM_676 856 442 89 7 17 9 19 55
SIM_677 909 456 86 12 20 4 5 2
SIM_678 945 462 99 8 7 8 -1 -34
SIM_679 809 384 75 7 31 9 77 102
SIM_680 884 441 81 7 25 9 20 27
SIM_681 846 424 82 8 24 8 37 65
SIM_682 904 466 98 10 8 6 -5 7
SIM_683 898 474 109 10 -3 6 -13 13
SIM_684 820 391 70 10 36 6 70 91
SIM_685 871 451 102 14 4 2 10 40
SIM_686 780 388 60 6 46 10 73 131
SIM_687 746 372 58 6 48 10 89 165
SIM_688 842 404 89 7 17 9 57 69
SIM_689 1032 551 115 15 -9 1 -90 -121
SIM_690 887 467 106 12 0 4 -6 24
SIM_691 871 435 86 13 20 3 26 40
SIM_692 677 302 47 1 59 15 159 234
SIM_693 877 430 86 11 20 5 31 34
SIM_694 797 372 62 7 44 9 89 114
SIM_695 868 458 96 5 10 11 3 43
SIM_696 915 485 92 9 14 7 -24 -4
SIM_697 906 458 102 12 4 4 3 5
SIM_698 848 413 71 7 35 9 48 63
SIM_699 848 438 84 8 22 8 23 63
SIM_700 867 441 84 8 22 8 20 44
SIM_701 885 449 92 8 14 8 12 26
SIM_702 990 505 98 8 8 8 -44 -79
SIM_703 947 479 100 7 6 9 -18 -36
SIM_704 1006 542 112 11 -6 5 -81 -95
SIM_705 971 518 97 17 9 -1 -57 -60
SIM_706 899 454 113 9 -7 7 7 12
SIM_707 894 460 73 14 33 2 1 17
SIM_708 869 442 97 16 9 0 19 42
SIM_709 920 495 101 15 5 1 -34 -9
SIM_710 1006 532 102 12 4 4 -71 -95
SIM_711 930 477 99 11 7 5 -16 -19
SIM_712 941 457 93 7 13 9 4 -30
SIM_713 1117 568 138 12 -32 4 -107 -206
SIM_714 808 396 86 5 20 11 65 103
SIM_715 974 500 121 9 -15 7 -39 -63
SIM_716 857 393 66 4 40 12 68 54
SIM_717 759 358 49 6 57 10 103 152
SIM_718 973 497 94 12 12 4 -36 -62
SIM_719 846 401 81 8 25 8 60 65
SIM_720 958 511 124 11 -18 5 -50 -47
SIM_721 755 335 58 7 48 9 126 156
SIM_722 697 313 64 8 42 8 148 214
SIM_723 863 442 88 10 18 6 19 48
SIM_724 840 447 79 7 27 9 14 71
SIM_725 956 498 103 9 3 7 -37 -45
SIM_726 787 398 100 8 6 8 63 124
SIM_727 965 501 98 9 8 7 -40 -54
SIM_728 757 352 67 6 39 10 109 154
SIM_729 1034 540 115 9 -9 7 -79 -123
SIM_730 922 482 114 15 -8 1 -21 -11
SIM_731 800 414 72 5 34 11 47 111
SIM_732 1014 531 118 16 -12 0 -70 -103
SIM_733 815 396 82 9 24 7 65 96
SIM_734 765 352 69 3 37 13 109 146
SIM_735 1016 557 131 15 -25 1 -96 -105
SIM_736 764 373 67 4 39 12 88 147
SIM_737 822 415 75 5 31 11 46 89
SIM_738 771 339 61 9 45 7 122 140
SIM_739 874 442 93 6 13 10 19 37
SIM_740 744 363 62 5 44 11 98 167
SIM_741 784 346 69 7 37 9 115 127
SIM_742 844 414 79 4 27 12 47 67
SIM_743 822 396 89 6 17 10 65 89
SIM_744 858 422 92 7 14 9 39 53
SIM_745 882 419 83 8 23 8 42 29
SIM_746 854 409 66 6 40 10 52 57
SIM_747 831 407 85 9 21 7 54 80
SIM_748 794 378 65 6 41 10 83 117
SIM_749 830 408 71 10 35 6 53 81
SIM_750 831 403 63 8 43 8 58 80
SIM_751 861 458 82 8 24 8 3 50
SIM_752 902 453 86 4 20 12 8 9
SIM_753 994 527 103 9 3 7 -66 -83
SIM_754 942 518 108 11 -2 5 -57 -31
SIM_755 881 445 86 6 20 10 16 30
SIM_756 814 378 76 7 30 9 83 97
SIM_757 891 458 113 12 -7 4 3 20
SIM_758 943 448 92 7 14 9 13 -32
SIM_759 927 477 120 14 -14 2 -16 -16
SIM_760 874 434 80 13 26 3 27 37
SIM_761 785 368 67 10 39 6 93 126
SIM_762 896 475 93 8 13 8 -14 15
SIM_763 947 486 99 10 7 6 -25 -36
SIM_764 791 380 61 3 45 13 81 120
SIM_765 727 331 56 5 50 11 130 184
SIM_766 911 467 89 9 17 7 -6 0
SIM_767 932 465 100 5 6 11 -4 -21
SIM_768 981 523 110 8 -4 8 -62 -70
SIM_769 887 459 85 8 21 8 2 24
SIM_770 769 381 67 8 39 8 80 142
SIM_771 856 447 90 8 16 8 14 55
SIM_772 927 478 115 14 -9 2 -17 -16
SIM_773 900 460 86 10 20 6 1 11
SIM_774 1169 640 146 25 -40 -9 -179 -258
SIM_775 885 469 103 8 3 8 -8 26
SIM_776 842 401 84 6 22 10 60 69
SIM_777 946 478 84 6 22 10 -17 -35
SIM_778 801 392 78 12 28 4 69 110
SIM_779 780 394 76 9 30 7 67 131
SIM_780 974 504 99 8 7 8 -43 -63
SIM_781 854 432 88 7 18 9 29 57
SIM_782 887 441 96 12 10 4 20 24
SIM_783 802 406 68 4 38 12 55 109
SIM_784 875 442 97 14 9 2 19 36
SIM_785 888 469 101 12 5 4 -8 23
SIM_786 955 484 94 14 12 2 -23 -44
SIM_787 904 455 96 8 10 8 6 7
SIM_788 928 471 99 7 7 9 -10 -17
SIM_789 801 382 73 11 33 5 79 110
SIM_790 875 432 83 10 23 6 29 36
SIM_791 870 404 96 12 10 4 57 41
SIM_792 929 465 103 9 3 7 -4 -18
SIM_793 926 451 88 16 18 0 10 -15
SIM_794 905 478 97 11 9 5 -17 6
SIM_795 905 445 87 11 19 5 16 6
SIM_796 910 463 97 8 9 8 -2 1
SIM_797 790 376 63 5 43 11 85 121
SIM_798 945 479 109 18 -3 -2 -18 -34
SIM_799 898 428 95 12 11 4 33 13
SIM_800 793 365 75 9 31 7 96 118
SIM_801 956 478 104 14 2 2 -17 -45
SIM_802 998 526 107 10 -1 6 -65 -87
SIM_803 706 338 55 6 51 10 123 205
SIM_804 791 367 63 1 43 15 94 120
SIM_805 772 354 54 9 52 7 107 139
SIM_806 859 422 70 7 36 9 39 52
SIM_807 937 473 94 11 12 5 -12 -26
SIM_808 882 443 97 11 9 5 18 29
SIM_809 929 491 133 16 -27 0 -30 -18
SIM_810 913 462 107 11 -1 5 -1 -2
SIM_811 886 458 90 13 16 3 3 25
SIM_812 791 367 61 5 45 11 94 120
SIM_813 809 417 90 10 16 6 44 102
SIM_814 908 434 76 8 30 8 27 3
SIM_815 919 443 80 14 26 2 18 -8
SIM_816 959 520 106 13 0 3 -59 -48
SIM_817 906 458 77 12 29 4 3 5
SIM_818 1262 723 179 26 -73 -10 -262 -351
SIM_819 829 397 78 6 28 10 64 82
SIM_820 727 362 65 4 41 12 99 184
SIM_821 992 519 123 13 -17 3 -58 -81
SIM_822 1160 623 138 14 -32 2 -162 -249
SIM_823 921 485 105 16 1 0 -24 -10
SIM_824 706 357 60 5 46 11 104 205
SIM_825 885 440 87 9 19 7 21 26
SIM_826 968 487 87 9 19 7 -26 -57
SIM_827 966 507 109 8 -3 8 -46 -55
SIM_828 942 500 98 11 8 5 -39 -31
SIM_829 770 351 73 4 33 12 110 141
SIM_830 787 397 74 4 32 12 64 124
SIM_831 833 391 75 6 31 10 70 78
SIM_832 788 383 74 4 32 12 78 123
SIM_833 875 413 87 10 19 6 48 36
SIM_834 788 377 73 4 33 12 84 123
SIM_835 804 397 85 5 21 11 64 107
SIM_836 937 471 107 10 -1 6 -10 -26
SIM_837 840 402 90 12 16 4 59 71
SIM_838 806 397 69 8 37 8 64 105
SIM_839 857 410 71 11 35 5 51 54
SIM_840 881 415 91 8 15 8 46 30
SIM_841 944 459 97 11 9 5 2 -33
SIM_842 832 417 84 13 22 3 44 79
SIM_843 811 389 81 13 25 3 72 100
SIM_844 982 500 119 11 -13 5 -39 -71
SIM_845 885 420 94 11 12 5 41 26
SIM_846 833 403 69 3 37 13 58 78
SIM_847 757 373 59 10 47 6 88 154
SIM_848 937 488 112 8 -6 8 -27 -26
SIM_849 1006 513 111 20 -5 -4 -52 -95
SIM_850 931 461 89 13 17 3 0 -20
SIM_851 913 455 88 8 18 8 6 -2
SIM_852 748 370 58 4 48 12 91 163
SIM_853 870 468 104 7 2 9 -7 41
SIM_854 947 488 94 16 12 0 -27 -36
SIM_855 688 308 63 4 43 12 153 223
SIM_856 830 386 63 2 43 14 75 81
SIM_857 796 391 73 9 33 7 70 115
SIM_858 979 532 110 12 -4 4 -71 -68
SIM_859 800 370 70 7 36 9 91 111
SIM_860 767 373 77 9 29 7 88 144
SIM_861 868 433 88 6 18 10 28 43
SIM_862 746 359 67 9 39 7 102 165
SIM_863 917 485 96 11 10 5 -24 -6
SIM_864 923 475 80 5 26 11 -14 -12
SIM_865 780 382 72 6 34 10 79 131
SIM_866 1017 543 119 8 -13 8 -82 -106
SIM_867 867 454 94 9 12 7 7 44
SIM_868 895 462 81 7 25 9 -1 16
SIM_869 848 417 87 9 19 7 44 63
SIM_870 852 380 76 10 30 6 81 59
SIM_871 707 329 57 10 49 6 132 204
SIM_872 832 415 76 7 30 9 46 79
SIM_873 904 438 82 8 24 8 23 7
SIM_874 797 390 63 8 43 8 71 114
SIM_875 917 448 92 9 14 7 13 -6
SIM_876 759 379 80 8 26 8 82 152
SIM_877 842 385 75 6 31 10 76 69
SIM_878 850 387 87 12 19 4 74 61
SIM_879 763 344 70 7 36 9 117 148
SIM_880 892 454 74 8 32 8 7 19
SIM_881 841 411 80 6 26 10 50 70
SIM_882 801 415 75 5 31 11 46 110
SIM_883 803 390 80 2 26 14 71 108
SIM_884 981 495 106 5 0 11 -34 -70
SIM_885 903 450 92 12 14 4 11 8
SIM_886 1074 579 136 13 -30 3 -118 -163
SIM_887 871 447 93 8 13 8 14 40
SIM_888 716 329 61 5 45 11 132 195
SIM_889 964 471 81 9 25 7 -10 -53
SIM_890 933 479 108 19 -2 -3 -18 -22
SIM_891 966 490 95 11 11 5 -29 -55
SIM_892 839 406 95 21 11 -5 55 72
SIM_893 742 341 52 6 54 10 120 169
SIM_894 980 512 126 13 -20 3 -51 -69
SIM_895 783 357 61 8 45 8 104 128
SIM_896 864 453 86 9 20 7 8 47
SIM_897 937 471 92 9 14 7 -10 -26
SIM_898 851 441 81 6 25 10 20 60
SIM_899 779 364 74 4 32 12 97 132
SIM_900 962 477 104 14 2 2 -16 -51
SIM_901 865 446 83 5 23 11 15 46
SIM_902 903 466 101 13 5 3 -5 8
SIM_903 917 428 87 5 19 11 33 -6
SIM_904 950 469 91 7 15 9 -8 -39
SIM_905 994 496 106 14 0 2 -35 -83
SIM_906 799 416 68 6 38 10 45 112
SIM_907 936 471 112 18 -6 -2 -10 -25
SIM_908 908 432 80 7 26 9 29 3
SIM_909 917 458 83 13 23 3 3 -6
SIM_910 785 384 72 3 34 13 77 126
SIM_911 1016 516 117 9 -11 7 -55 -105
SIM_912 926 461 103 11 3 5 0 -15
SIM_913 856 428 84 6 22 10 33 55
SIM_914 1026 552 98 11 8 5 -91 -115
SIM_915 910 481 108 11 -2 5 -20 1
SIM_916 987 516 112 18 -6 -2 -55 -76
SIM_917 827 423 82 4 24 12 38 84
SIM_918 891 399 68 3 38 13 62 20
SIM_919 810 412 61 6 45 10 49 101
SIM_920 1028 539 129 9 -23 7 -78 -117
SIM_921 1017 520 106 16 0 0 -59 -106
SIM_922 884 426 75 10 31 6 35 27
SIM_923 848 427 85 5 21 11 34 63
SIM_924 921 481 99 8 7 8 -20 -10
SIM_925 918 474 111 15 -5 1 -13 -7
SIM_926 827 410 86 11 20 5 51 84
SIM_927 807 397 77 7 29 9 64 104
SIM_928 830 381 69 7 37 9 80 81
SIM_929 822 375 66 8 40 8 86 89
SIM_930 802 378 67 8 39 8 83 109
SIM_931 1212 652 149 27 -43 -11 -191 -301
SIM_932 856 432 83 11 23 5 29 55
SIM_933 977 495 123 16 -17 0 -34 -66
SIM_934 821 385 78 11 28 5 76 90
SIM_935 866 440 77 1 29 15 21 45
SIM_936 797 408 72 8 34 8 53 114
SIM_937 723 363 71 4 35 12 98 188
SIM_938 951 508 122 17 -16 -1 -47 -40
SIM_939 887 420 93 8 13 8 41 24
SIM_940 848 420 80 10 26 6 41 63
SIM_941 934 489 110 14 -4 2 -28 -23
SIM_942 854 427 73 10 33 6 34 57
SIM_943 817 427 91 7 15 9 34 94
SIM_944 866 422 90 15 16 1 39 45
SIM_945 840 458 106 10 0 6 3 71
SIM_946 709 348 59 8 47 8 113 202
SIM_947 990 482 114 12 -8 4 -21 -79
SIM_948 932 471 96 16 10 0 -10 -21
SIM_949 834 394 77 6 29 10 67 77
SIM_950 1164 637 146 13 -40 3 -176 -253
SIM_951 841 417 86 11 20 5 44 70
SIM_952 1064 562 121 15 -15 1 -101 -153
SIM_953 863 415 79 9 27 7 46 48
SIM_954 918 457 102 12 4 4 4 -7
SIM_955 847 425 88 13 18 3 36 64
SIM_956 847 437 88 10 18 6 24 64
SIM_957 892 430 95 15 11 1 31 19
SIM_958 871 433 79 7 27 9 28 40
SIM_959 866 430 85 11 21 5 31 45
SIM_960 974 516 92 10 14 6 -55 -63
SIM_961 767 356 68 6 38 10 105 144
SIM_962 816 419 84 7 22 9 42 95
SIM_963 795 361 63 2 43 14 100 116
SIM_964 773 374 71 9 35 7 87 138
SIM_965 762 387 76 5 30 11 74 149
SIM_966 1102 586 143 8 -37 8 -125 -191
SIM_967 895 445 78 8 28 8 16 16
SIM_968 826 399 64 7 42 9 62 85
SIM_969 1146 668 142 8 -36 8 -207 -235
SIM_970 836 417 80 4 26 12 44 75
SIM_971 1002 508 102 10 4 6 -47 -91
SIM_972 905 465 97 8 9 8 -4 6
SIM_973 948 498 94 9 12 7 -37 -37
SIM_974 984 495 100 8 6 8 -34 -73
SIM_975 830 392 68 7 38 9 69 81
SIM_976 832 412 86 6 20 10 49 79
SIM_977 882 443 108 11 -2 5 18 29
SIM_978 768 384 74 3 32 13 77 143
SIM_979 1043 540 133 19 -27 -3 -79 -132
SIM_980 789 421 92 9 14 7 40 122
SIM_981 1013 548 129 11 -23 5 -87 -102
SIM_982 864 426 65 6 41 10 35 47
SIM_983 875 460 91 7 15 9 1 36
SIM_984 814 404 85 4 21 12 57 97
SIM_985 886 453 85 7 21 9 8 25
SIM_986 940 493 95 11 11 5 -32 -29
SIM_987 889 455 96 9 10 7 6 22
SIM_988 884 412 98 8 8 8 49 27
SIM_989 868 437 86 6 20 10 24 43
SIM_990 902 464 99 7 7 9 -3 9
SIM_991 720 337 65 5 41 11 124 191
SIM_992 882 433 86 9 20 7 28 29
SIM_993 878 430 82 10 24 6 31 33
SIM_994 921 460 110 18 -4 -2 1 -10
SIM_995 820 387 93 7 13 9 74 91
SIM_996 905 463 93 6 13 10 -2 6
SIM_997 833 409 86 10 20 6 52 78
SIM_998 920 458 86 8 20 8 3 -9
SIM_999 919 453 91 8 15 8 8 -8